proj:       1
zone:       33
north:      5730647.274
south:      5724406.8694
east:       537818.38
west:       532206.7211
cols:       218
rows:       242
e-w resol:  25.74155459
n-s resol:  25.78679587
top:        1.000000000000000
bottom:     0.000000000000000
cols3:      218
rows3:      242
depths:     1
e-w resol3: 25.74155459
n-s resol3: 25.78679587
t-b resol:  1
