proj:       1
zone:       33
north:      5730647.274
south:      5724406.8694
east:       537818.38
west:       532206.7211
cols:       218
rows:       242
e-w resol:  25.74155459
n-s resol:  25.78679587
format:     1
compressed: 5
